8.449
8.884
8.985
9.082
8.495
9.373
9.642
8.156
9.063
7.768
8.041
7.898
7.257
6.772
6.914
7.320
7.038
7.015
7.733
7.924
7.861
7.749
7.844
7.993
8.016
8.481
9.069
8.724
9.193
8.864
9.080
8.645
8.776
7.659
8.142
7.605
7.242
7.717
7.105
7.542
7.693
7.643
7.893
7.644
7.276
7.761
8.026
7.999
8.805
8.897
9.188
9.864
8.891
8.772
8.193
8.174
7.800
8.567
7.172
7.177
8.671
9.529
8.885
9.670
9.244
9.544
8.803
9.527
8.502
8.432
8.353
7.730
7.694
7.756
6.901
7.286
7.388
7.358
7.736
7.887
7.487
7.555
7.722
8.160
8.524
8.312
8.516
8.914
8.858
9.192
9.139
8.302
8.568
8.333
8.150
7.710
7.554
7.546
7.406
7.882
6.770
7.830
7.429
7.004
7.050
7.635
8.187
7.802
8.361
8.867
8.557
9.264
8.597
9.238
8.640
8.772
7.971
7.667
7.859
6.598
8.781
8.942
9.468
8.772
8.988
9.387
9.031
9.023
9.107
9.111
8.807
7.938
7.940
7.773
7.179
8.158
7.302
7.933
7.561
7.577
8.116
7.787
7.873
7.187
8.042
8.231
8.202
8.652
8.468
8.377
8.846
9.256
9.125
8.640
8.668
8.498
8.258
7.596
7.300
7.241
7.043
7.674
7.376
7.037
7.822
7.084
7.996
7.644
8.204
8.203
8.474
8.761
9.153
9.502
8.429
7.995
7.384
7.572
7.097
7.163
8.303
9.135
9.049
9.384
9.801
8.933
9.930
9.005
9.051
9.128
8.805
8.531
7.751
8.043
8.184
7.951
7.542
7.404
8.087
7.937
8.066
7.246
7.556
7.684
7.661
8.390
8.401
8.707
8.613
9.382
9.422
8.638
9.343
9.068
9.505
9.212
8.727
7.693
7.558
8.262
7.441
7.489
7.400
7.528
7.769
7.636
7.693
7.367
7.262
8.236
8.312
8.227
8.775
8.297
8.663
8.357
7.778
7.443
8.002
7.329
8.674
8.726
8.995
9.197
9.315
9.366
9.620
9.522
9.222
8.947
8.582
8.816
8.834
8.405
8.075
7.861
8.199
8.013
8.271
8.686
7.621
7.965
7.607
7.402
7.588
7.672
7.682
7.782
8.650
9.314
8.904
9.277
9.265
8.950
9.264
9.420
8.782
8.983
7.610
8.246
7.561
7.297
6.788
7.429
7.101
7.703
6.918
8.097
7.832
7.948
7.453
7.941
8.700
8.282
8.634
7.663
8.542
7.555
7.760
7.636
8.346
8.416
8.932
9.065
9.296
9.678
9.649
9.650
10.073
9.768
9.307
9.038
8.725
8.026
7.800
8.228
7.789
8.415
7.699
8.191
8.139
8.030
8.033
7.833
7.846
7.928
7.427
8.151
8.070
8.718
8.439
9.216
8.624
8.707
9.445
9.440
9.103
9.025
8.619
8.470
7.767
7.765
7.038
7.405
7.568
8.087
7.987
7.554
7.055
8.038
7.882
7.719
8.005
8.445
7.638
7.880
8.336
7.781
7.654
7.493
9.250
8.854
9.527
9.698
9.649
9.908
9.455
10.084
9.587
8.999
9.847
9.111
9.014
8.655
8.273
8.705
8.138
8.555
8.507
8.323
7.630
7.998
7.675
8.709
8.194
7.592
8.525
8.187
7.932
8.474
8.142
8.713
9.572
8.673
9.923
9.336
10.227
9.673
8.824
9.182
7.968
8.577
7.575
6.648
6.937
7.540
7.428
7.908
7.865
7.531
7.523
7.230
7.561
8.025
7.358
7.411
7.529
7.923
7.639
8.158
8.479
8.961
8.982
8.991
9.185
9.821
9.849
9.679
9.012
9.438
9.177
9.083
8.660
8.413
7.892
8.081
8.462
7.854
8.139
8.377
8.515
8.403
8.279
8.190
8.493
8.111
7.882
8.295
8.086
8.428
8.485
8.484
8.752
8.963
9.671
9.711
9.752
9.694
9.707
9.767
9.065
8.163
7.760
7.242
6.926
6.886
7.411
7.540
7.462
7.110
7.145
7.358
7.829
7.085
7.635
7.450
7.091
7.579
7.885
7.904
8.931
8.476
8.652
8.156
8.784
9.646
9.746
9.956
9.539
9.353
10.003
9.745
8.974
9.162
8.657
8.620
8.486
8.624
8.915
8.348
8.186
8.187
8.307
7.914
8.301
8.612
7.935
8.469
8.711
8.008
8.351
8.133
8.594
8.965
9.517
9.369
9.633
9.399
9.514
9.255
9.044
8.600
8.541
8.120
6.710
6.885
7.087
7.519
7.616
7.578
7.446
7.108
7.358
7.171
6.926
6.938
8.180
7.453
7.247
7.966
9.416
9.516
9.547
9.145
9.269
9.017
8.994
9.201
9.070
9.846
9.840
9.662
9.318
9.063
9.175
9.139
8.929
9.155
8.234
9.105
8.463
8.735
9.064
7.979
8.917
8.407
8.179
8.346
8.438
8.289
8.393
8.652
8.308
8.641
9.322
8.868
9.574
9.431
9.544
9.786
8.719
9.311
8.901
7.624
6.982
7.011
6.987
7.417
6.931
7.502
7.550
7.077
7.386
6.971
7.357
7.328
7.521
7.253
7.998
7.723
9.135
9.080
9.073
8.425
9.178
8.664
9.058
9.372
9.483
9.704
9.315
10.221
8.844
8.738
8.834
9.114
8.583
8.678
9.296
8.866
9.016
8.978
8.574
8.093
7.567
7.985
7.628
8.414
8.664
8.864
8.460
8.904
8.534
8.621
8.595
9.141
9.870
9.353
9.843
9.063
9.161
9.336
8.407
8.152
7.762
7.690
7.515
7.139
7.497
7.436
7.458
7.610
7.530
7.895
6.451
6.833
7.093
7.311
7.217
7.460
9.432
9.109
8.849
8.327
8.613
8.242
8.609
8.938
9.373
9.528
9.281
9.064
8.913
8.820
9.250
8.585
8.603
8.309
8.135
8.807
9.175
9.040
8.602
8.422
8.319
8.247
7.982
8.262
8.437
9.286
8.780
8.875
8.838
8.649
8.452
8.802
8.673
9.529
9.623
9.454
9.514
9.270
8.678
8.946
7.796
7.687
7.170
8.028
7.636
7.118
7.290
7.071
7.261
7.710
7.240
7.728
7.556
7.482
7.854
7.935
9.390
9.000
9.359
8.594
8.753
7.968
7.739
8.834
8.362
9.110
9.204
10.075
9.228
9.209
9.200
8.551
8.250
9.042
8.553
8.177
8.532
8.908
9.202
8.781
8.844
7.815
8.252
8.396
8.277
8.321
9.277
8.715
8.847
8.756
8.880
9.120
8.433
9.161
9.816
9.681
9.606
9.697
9.097
8.580
8.834
7.814
7.826
8.068
7.713
7.819
7.886
6.848
7.069
7.552
7.826
7.847
6.950
8.086
7.746
8.123
9.181
9.396
9.740
9.135
8.369
8.499
8.558
8.343
8.689
8.264
9.373
8.926
9.480
8.564
9.144
8.482
8.631
8.608
8.429
8.244
8.587
8.379
8.446
8.218
8.913
8.457
8.406
8.401
7.818
8.814
8.830
9.168
9.021
8.711
8.498
8.328
8.670
9.081
9.203
8.905
9.559
9.080
8.910
9.460
8.548
7.862
8.200
7.997
6.939
8.299
8.306
8.002
7.959
7.048
7.187
7.986
7.952
7.913
8.000
7.869
8.093
9.359
9.164
9.027
8.856
8.886
7.990
8.494
8.042
8.965
8.694
8.899
9.488
9.575
9.198
8.853
7.953
7.584
8.630
7.976
7.820
8.130
8.675
8.103
8.359
7.846
8.095
8.125
8.513
8.577
8.973
8.761
9.354
9.116
8.411
8.721
8.644
8.314
8.933
9.242
9.029
9.319
8.981
9.594
8.928
8.462
8.302
8.117
8.284
8.015
7.781
7.574
7.399
7.781
7.019
7.329
8.328
7.852
8.295
8.092
8.857
9.007
8.855
9.399
9.244
8.994
8.469
8.360
8.514
8.078
8.562
7.932
8.981
9.421
8.667
8.572
8.541
8.198
7.524
8.343
8.059
7.718
8.111
7.978
8.279
8.106
7.785
7.827
8.250
8.721
8.707
8.586
8.804
9.008
9.041
8.768
8.403
8.092
8.478
9.180
8.760
9.519
9.263
8.749
8.046
8.913
8.314
8.554
8.044
7.735
8.366
8.305
8.165
7.717
7.091
7.831
7.546
7.558
8.004
8.237
9.083
9.057
9.048
8.757
9.034
8.563
8.736
8.398
9.140
8.451
8.789
8.234
9.028
8.755
8.797
8.235
8.014
8.393
7.813
7.478
7.449
7.465
7.851
8.109
7.804
7.900
7.398
7.740
7.642
8.572
8.917
8.671
8.894
9.105
7.927
8.343
8.740
8.496
8.447
8.794
9.159
8.771
9.080
9.268
8.630
8.264
8.343
8.344
8.360
8.003
8.664
8.612
8.113
7.852
7.564
8.064
7.665
7.850
7.501
8.370
8.651
9.119
9.354
9.510
9.489
8.944
8.802
8.623
8.849
8.504
8.236
8.555
8.050
8.366
8.390
8.748
8.606
8.517
8.009
7.400
7.809
7.409
7.972
7.537
7.018
6.972
7.308
7.538
7.612
8.002
8.443
8.544
8.576
8.336
8.066
7.319
8.663
7.919
8.725
8.542
8.745
8.676
9.181
8.493
8.954
8.351
8.395
8.350
8.473
8.746
8.663
7.404
8.832
7.915
8.658
8.309
8.171
8.231
7.988
7.982
7.915
9.057
8.719
8.881
8.647
9.082
8.678
8.425
8.130
7.520
7.602
7.939
7.935
7.626
8.270
8.360
8.213
8.886
8.263
7.674
8.431
8.688
7.682
7.540
7.895
7.474
7.045
7.188
7.560
8.043
7.633
8.690
8.446
8.147
7.913
8.663
7.557
8.048
8.719
7.590
8.600
8.753
8.168
8.021
8.401
8.360
7.573
8.537
8.932
8.402
8.633
8.611
8.785
8.869
8.468
8.497
8.099
8.185
7.921
7.785
8.582
8.952
8.419
9.087
9.746
9.070
8.818
9.419
8.089
7.708
7.048
7.756
7.507
7.448
7.321
8.021
8.246
8.468
8.896
8.041
7.938
7.689
7.817
8.334
7.328
7.760
7.202
6.781
7.478
7.242
6.917
7.405
7.961
7.329
8.101
7.770
7.829
8.323
7.569
7.663
7.995
8.085
7.819
8.665
8.530
7.867
8.087
8.195
8.245
8.355
9.306
8.420
8.436
8.467
8.168
8.480
8.059
8.378
8.224
7.965
8.999
9.077
9.217
8.974
9.166
8.790
8.981
8.792
8.490
8.519
7.558
7.195
7.431
7.394
7.362
6.959
8.114
7.870
8.388
7.817
8.335
7.033
7.334
8.022
8.081
7.608
7.262
7.254
7.312
6.875
7.264
7.230
7.552
7.608
7.219
7.862
8.030
7.559
7.931
7.161
7.222
7.401
8.586
7.988
8.452
7.754
7.816
7.938
8.133
8.155
8.983
8.524
8.978
8.137
8.437
8.691
8.955
8.509
8.195
8.272
8.877
9.106
9.504
9.065
9.259
9.132
9.139
9.298
9.571
8.322
7.430
7.679
7.947
7.057
7.705
7.808
7.501
7.640
7.885
7.990
7.728
7.455
7.417
7.533
7.816
7.572
7.893
7.859
7.214
7.339
7.528
6.588
7.279
7.065
7.271
7.141
7.332
7.966
7.206
7.109
7.254
7.243
7.933
8.072
7.619
7.523
7.701
7.622
7.722
8.025
8.274
8.317
9.056
9.176
9.152
8.677
9.242
9.287
8.482
8.692
8.992
9.061
9.870
9.231
9.208
9.139
9.223
9.735
8.567
8.798
8.552
8.429
7.639
7.782
7.273
7.718
7.543
7.916
7.844
7.709
7.841
7.722
7.398
7.588
7.509
8.368
7.671
7.754
7.743
7.200
7.486
7.541
6.408
6.600
7.571
6.838
7.652
7.123
7.790
7.068
7.732
6.916
7.065
7.839
7.637
7.210
7.086
7.469
7.608
7.576
7.877
7.747
8.080
8.661
8.368
8.794
8.791
9.000
9.374
9.114
9.150
8.925
9.248
9.237
9.145
9.375
10.003
9.318
9.931
9.605
8.862
8.359
8.000
7.175
8.083
7.032
7.602
7.459
7.795
7.314
7.933
7.961
8.040
7.940
7.585
8.320
7.690
7.413
7.319
7.249
7.230
6.696
6.402
6.050
6.791
6.729
6.670
6.944
6.987
7.234
6.124
6.640
7.031
6.626
7.418
6.819
7.434
6.664
6.947
7.232
7.696
7.555
8.666
8.846
8.405
8.256
9.220
8.649
9.651
9.782
9.710
9.271
9.355
9.668
9.799
10.095
9.841
9.390
9.892
9.441
8.820
8.934
8.219
7.649
7.743
8.342
7.095
7.402
7.977
7.919
7.688
8.137
8.038
8.109
8.098
8.236
7.431
7.723
7.262
7.637
6.885
6.981
6.838
6.397
6.583
6.720
7.049
6.514
6.993
6.976
7.425
7.174
7.436
6.693
7.046
6.980
6.229
7.100
6.182
7.364
7.512
8.067
8.079
8.379
8.512
8.821
8.352
8.724
9.805
8.939
8.856
9.084
10.276
9.510
9.305
9.182
10.009
9.421
9.593
9.585
9.044
9.092
8.412
8.720
8.091
7.270
7.340
7.566
7.422
7.602
7.838
8.105
8.193
7.544
8.046
8.324
8.025
7.748
7.581
7.349
7.884
7.258
7.300
6.654
6.899
6.713
7.056
7.342
6.944
6.906
6.798
7.160
7.061
6.467
7.424
6.722
6.752
7.328
6.792
7.145
7.407
7.613
8.319
7.916
8.145
8.510
8.205
8.393
8.878
9.446
9.249
9.314
9.563
9.825
9.435
9.729
9.267
9.597
10.540
9.535
9.326
9.783
9.216
8.568
7.971
7.805
7.005
7.215
7.450
7.483
7.385
7.549
7.723
7.767
8.129
7.918
8.031
8.208
6.944
7.316
7.513
7.133
7.276
6.987
6.744
6.829
7.161
6.674
7.437
7.105
6.704
7.349
6.641
7.561
7.042
7.352
6.962
6.747
7.114
7.068
6.989
7.043
7.007
8.230
8.857
8.918
8.592
7.789
8.968
8.798
9.062
9.363
9.677
9.432
9.684
9.861
9.903
10.079
9.472
9.993
9.887
9.442
8.955
8.888
8.087
8.537
7.743
7.591
7.306
7.390
7.108
8.118
8.219
8.273
7.911
8.126
8.082
7.467
7.043
7.493
6.202
7.300
6.866
6.544
6.599
7.347
7.148
7.024
6.587
7.301
6.687
7.339
7.309
7.247
8.017
7.130
6.611
7.033
6.504
6.330
7.331
7.481
7.375
7.515
7.746
8.622
8.719
9.053
8.568
8.750
9.310
9.158
9.147
9.410
9.141
9.699
9.967
10.051
9.844
9.829
9.638
9.942
9.698
9.302
8.811
8.583
8.202
8.025
7.683
7.973
7.507
7.940
7.771
8.013
7.958
7.653
7.884
7.847
7.642
6.980
7.201
7.114
6.502
6.811
6.771
6.603
7.386
7.464
7.302
7.192
7.863
6.905
6.924
7.527
7.336
8.106
7.219
7.450
7.453
7.008
7.057
7.659
7.457
7.443
7.834
7.991
8.821
8.913
8.430
8.821
9.542
8.423
9.123
9.023
9.773
9.681
9.847
9.863
9.953
9.161
9.511
9.531
9.543
9.442
8.514
8.236
8.753
8.876
8.359
8.036
7.650
7.504
7.431
7.749
7.108
7.214
7.746
7.598
8.134
7.874
7.945
7.079
7.694
7.131
7.139
6.059
6.940
7.017
7.473
7.048
7.225
6.808
7.468
8.146
7.817
7.610
8.140
7.118
6.815
7.831
7.675
7.108
6.809
7.160
7.930
8.332
8.770
8.456
8.170
8.820
8.667
9.107
9.032
9.406
10.179
9.680
9.814
10.093
9.896
9.390
9.772
10.013
9.832
9.775
9.123
9.191
8.927
8.221
8.281
7.640
7.764
7.735
6.731
7.023
7.293
6.968
7.690
7.810
7.295
7.570
8.322
7.433
7.900
7.008
7.779
7.008
7.019
7.576
7.100
7.624
7.976
7.246
7.654
7.523
7.398
8.046
8.558
8.161
8.131
7.416
7.100
7.149
6.968
7.329
7.859
7.869
8.159
8.332
7.958
8.413
9.129
9.264
9.278
8.969
9.617
9.955
9.762
9.973
10.601
10.458
10.103
10.076
10.249
9.759
9.302
9.290
9.241
8.434
7.886
7.570
7.773
7.512
7.737
7.353
7.040
6.705
7.473
7.628
8.247
8.067
7.919
7.789
7.236
7.368
7.571
7.761
7.143
6.738
7.027
7.310
6.927
8.167
7.335
7.409
8.146
8.120
8.175
8.079
8.259
7.455
7.795
7.023
7.521
7.460
7.838
8.062
8.008
8.062
8.321
8.150
9.328
9.174
8.731
9.151
9.388
9.316
9.211
10.509
9.393
9.930
9.980
10.715
9.594
9.261
9.504
9.274
8.604
8.378
8.754
7.992
8.107
8.131
7.151
7.138
6.926
6.370
7.109
7.844
7.634
8.742
7.659
7.963
7.529
7.356
7.876
7.433
7.717
7.534
7.217
7.472
7.307
7.481
7.834
7.526
7.526
7.537
8.161
7.650
8.023
8.397
8.051
7.760
7.286
7.548
7.199
7.472
7.959
8.564
8.323
7.872
8.964
9.165
9.612
8.962
9.407
8.982
9.016
10.019
9.769
10.261
9.950
10.416
9.980
9.535
9.112
9.186
9.064
8.359
8.744
8.018
8.456
7.352
7.908
6.909
7.269
7.538
7.206
7.047
7.478
7.109
7.586
8.078
7.640
8.392
7.424
7.614
8.358
8.205
7.340
7.629
7.846
7.312
8.078
7.389
7.950
7.797
7.684
8.323
8.397
8.175
8.612
8.158
8.555
7.681
7.971
8.161
7.510
8.513
8.809
7.408
8.429
8.269
9.881
9.141
9.502
9.681
9.845
9.354
9.292
9.812
9.711
10.303
9.877
9.677
9.395
9.156
8.816
8.901
8.109
8.486
8.601
7.445
7.880
8.061
7.707
6.840
7.124
7.136
7.838
6.893
7.364
7.215
7.548
7.676
7.956
8.387
8.319
8.149
7.583
7.913
7.417
8.137
7.958
7.715
7.529
8.056
8.170
7.815
8.490
8.768
8.521
8.611
8.152
7.751
7.775
7.293
7.725
7.855
8.240
7.706
8.030
8.969
8.797
8.820
9.378
9.918
9.514
9.662
9.718
9.601
9.403
10.009
9.498
9.415
9.406
8.899
9.381
8.896
9.520
8.617
8.036
8.171
7.600
7.616
7.537
7.666
7.099
7.249
7.628
7.546
6.700
7.474
7.302
7.652
7.297
7.559
7.978
8.368
8.278
7.856
8.144
8.734
8.227
7.742
7.826
7.885
7.536
7.971
8.493
8.530
9.046
8.459
8.129
8.192
8.248
7.975
7.577
7.440
7.957
8.288
7.460
8.169
8.691
8.912
8.444
8.988
9.029
9.520
9.038
9.795
9.232
9.402
9.493
9.332
9.939
8.359
8.999
8.674
8.460
8.807
8.441
7.632
8.274
7.858
7.026
7.619
7.287
7.331
7.545
7.764
7.341
6.839
7.300
6.795
7.553
8.201
7.267
8.531
8.256
7.952
8.159
8.169
8.717
8.317
9.119
8.562
7.807
7.828
8.564
8.471
9.262
8.357
8.356
8.433
8.662
8.402
8.467
8.656
8.384
8.001
7.288
7.194
8.629
8.564
9.014
8.771
9.560
9.599
10.034
9.693
9.774
9.117
9.014
9.113
9.257
9.422
9.154
8.824
8.827
8.707
8.016
8.541
7.663
8.014
7.260
7.222
7.535
7.008
7.181
7.353
6.724
7.331
6.905
6.757
7.225
7.713
7.750
7.487
7.880
8.170
8.094
8.273
8.768
8.522
8.094
8.533
7.688
8.157
8.325
8.327
8.531
9.258
8.562
8.991
8.135
9.121
8.723
8.214
8.566
8.240
7.093
7.510
7.161
8.163
8.147
9.118
9.771
9.307
9.312
9.377
9.254
9.044
9.139
9.160
8.835
8.566
9.072
9.137
8.676
9.121
8.959
8.662
8.099
7.909
7.901
7.593
7.208
7.710
7.475
7.667
7.014
7.204
7.309
7.090
7.459
7.868
6.664
7.470
7.686
7.661
7.811
7.843
7.989
8.720
8.210
8.353
8.299
8.335
8.704
9.228
9.330
9.110
9.136
8.862
8.709
8.628
8.408
8.092
8.119
8.064
6.300
7.075
7.423
7.646
7.850
8.844
9.150
9.587
9.869
10.158
9.897
9.414
8.906
9.293
9.374
9.384
9.257
9.412
8.858
8.725
8.418
8.464
8.239
8.010
7.556
7.432
7.227
7.544
7.363
7.704
7.190
7.349
7.412
7.169
6.416
6.337
7.079
6.978
7.259
8.164
8.235
7.595
8.176
8.187
8.828
8.299
8.209
8.027
8.726
8.692
8.963
8.832
10.041
9.155
9.190
8.440
7.872
8.504
8.392
7.803
7.096
6.251
6.995
7.297
8.130
8.798
8.880
9.713
9.296
8.704
9.615
9.697
8.614
9.185
9.216
8.898
9.068
8.693
8.873
9.039
8.753
8.314
8.937
7.783
7.681
7.713
7.591
7.657
7.894
7.520
7.931
7.010
7.466
6.781
7.563
7.220
7.967
7.070
7.294
6.811
8.265
8.142
8.228
8.408
8.937
8.314
8.183
8.215
8.336
8.793
9.190
8.983
9.471
9.622
9.428
9.072
8.838
8.236
8.633
8.400
6.360
6.551
6.557
7.273
7.843
8.093
8.836
9.405
9.098
9.676
9.300
9.228
9.200
8.932
8.923
9.240
8.504
9.119
8.679
8.235
8.117
7.845
7.912
8.099
7.501
7.660
7.262
7.194
7.345
7.621
7.898
7.785
7.438
7.701
7.539
7.378
6.823
6.961
6.758
7.767
7.327
8.268
8.011
9.080
8.279
8.004
8.894
8.819
8.824
8.885
9.120
9.464
9.893
9.305
9.491
9.517
9.050
8.631
7.986
7.913
7.776
6.893
6.925
6.919
7.508
8.242
9.141
8.865
8.957
9.569
9.576
9.373
9.388
9.660
9.264
8.754
8.581
8.879
8.202
8.287
8.071
7.845
7.671
7.934
7.752
7.264
7.868
7.245
7.742
7.709
7.383
6.889
7.052
7.585
7.162
7.366
7.052
7.084
6.868
7.447
7.106
7.185
6.795
7.642
7.848
8.288
9.148
9.230
8.729
8.625
9.896
9.307
9.383
9.644
9.439
9.432
9.624
7.952
8.932
8.307
7.034
6.572
6.756
6.978
8.062
7.523
8.531
7.917
8.376
8.718
9.389
9.407
9.248
9.527
9.153
8.834
8.919
8.070
8.259
8.477
7.890
8.009
7.270
7.310
7.235
6.856
8.077
7.316
7.005
7.493
7.397
8.040
7.497
7.366
6.452
6.453
7.443
6.632
7.247
7.169
7.517
7.207
7.459
7.129
7.904
8.137
8.454
9.043
9.170
9.240
9.527
8.785
9.070
9.180
9.622
10.214
10.085
8.774
9.156
8.496
7.472
7.445
6.756
7.853
6.946
8.388
8.801
8.972
9.309
9.085
8.691
8.766
9.141
9.191
9.856
9.405
8.996
8.463
8.906
7.830
7.730
7.444
7.871
7.436
7.284
6.945
7.341
7.929
6.861
7.055
6.659
7.580
7.452
7.549
6.969
6.921
7.323
7.337
7.174
7.053
7.407
7.169
6.986
6.666
7.300
8.195
8.363
8.755
8.639
9.853
9.341
10.111
9.242
9.048
9.297
9.416
9.541
9.009
8.975
8.476
8.299
7.514
7.681
7.118
7.961
8.032
8.655
9.012
8.978
8.302
9.222
8.931
8.657
9.116
9.193
9.201
8.864
8.437
8.208
8.232
8.330
7.770
7.226
6.884
7.252
6.655
7.295
6.577
7.088
6.656
6.924
7.570
6.787
7.672
7.718
6.439
6.286
6.926
7.142
7.467
6.933
7.144
6.726
7.480
7.185
7.825
8.904
8.403
9.309
9.753
9.689
9.609
9.839
9.606
9.300
9.513
9.456
9.327
8.771
8.471
8.086
8.791
8.535
8.348
8.398
8.389
8.670
9.038
8.995
9.046
8.866
8.710
8.628
9.007
8.600
8.676
8.614
8.368
8.864
7.749
8.051
7.567
7.603
6.975
6.934
7.109
6.707
6.645
6.426
7.603
7.145
7.228
6.527
7.287
6.804
6.604
7.222
6.650
6.957
7.007
7.076
6.945
7.161
7.086
6.974
7.711
7.216
8.563
8.644
8.491
8.816
9.214
9.094
9.355
9.177
9.598
8.703
8.799
8.603
8.929
8.558
9.000
8.504
8.952
8.555
8.070
8.176
9.191
8.996
9.684
8.646
8.977
8.308
8.607
8.080
8.533
8.677
8.493
8.089
8.140
8.071
8.232
8.044
7.037
6.969
6.408
6.513
6.333
6.920
7.299
7.777
7.408
7.662
7.695
7.346
7.611
7.384
7.011
6.944
7.078
7.051
7.208
7.387
6.987
6.651
7.297
7.246
7.738
8.364
8.778
8.256
8.509
8.586
8.408
8.548
8.981
8.863
8.599
8.453
8.642
9.188
9.335
8.806
9.067
8.765
8.842
8.833
9.395
9.296
9.528
8.981
8.834
8.642
8.316
8.861
8.614
8.595
8.469
7.869
7.719
8.156
8.131
8.088
7.727
6.959
6.367
6.091
6.883
6.773
7.324
6.725
7.447
7.009
7.291
7.017
7.563
7.620
7.552
7.419
6.911
6.878
6.776
6.841
6.183
6.573
6.935
7.426
7.129
7.583
8.049
8.088
8.103
7.781
8.736
8.468
9.028
8.931
8.795
8.790
8.911
9.943
9.440
9.075
8.879
9.507
8.970
9.227
9.769
9.286
8.999
9.509
9.104
8.979
9.015
8.644
8.212
8.401
8.143
8.513
7.891
7.909
7.790
7.826
7.599
7.399
6.232
7.601
6.374
6.896
6.275
6.628
7.248
7.314
7.009
7.527
7.541
7.458
7.679
7.335
7.024
7.241
7.485
6.626
7.185
6.737
6.940
7.591
7.011
6.739
7.947
7.262
7.577
8.352
8.309
8.597
8.321
8.566
9.002
9.115
8.096
9.227
9.677
9.527
9.197
8.832
8.930
9.085
9.107
9.883
9.667
9.102
10.062
9.061
8.831
8.668
8.497
8.630
8.645
8.322
7.806
7.758
8.197
7.994
8.314
7.321
6.554
6.315
6.115
5.938
6.428
6.618
7.204
7.217
7.204
7.067
7.019
8.041
7.539
7.806
7.393
7.424
7.343
7.196
6.803
6.967
7.319
6.409
6.941
6.687
7.131
7.565
7.483
8.551
8.309
8.127
8.350
9.038
8.574
8.354
7.674
9.258
9.352
9.083
9.196
9.432
8.885
9.410
9.527
9.309
9.371
9.487
9.360
8.721
9.049
8.932
8.608
7.980
8.166
8.211
8.106
8.378
7.603
6.841
7.037
7.033
7.379
6.930
6.216
6.733
6.308
7.092
7.147
7.234
6.511
7.059
7.540
7.300
7.096
7.467
7.405
7.068
6.342
6.918
6.981
6.927
6.807
6.894
6.366
7.089
7.787
7.158
7.655
7.167
7.974
8.112
8.266
7.755
8.190
7.924
8.109
8.209
8.829
8.994
9.183
8.881
9.320
9.126
9.724
9.777
10.255
9.906
9.401
9.250
9.096
8.621
8.491
7.596
7.942
7.711
7.875
7.749
7.620
7.565
7.515
7.296
7.650
7.030
6.394
6.391
6.970
6.799
7.391
7.251
6.697
7.100
7.715
7.269
7.342
7.624
7.354
7.139
7.457
6.953
6.990
7.065
7.085
6.893
7.025
6.765
7.526
7.421
7.653
8.046
7.516
7.777
8.401
8.047
8.327
8.669
7.305
8.794
8.911
9.338
8.911
9.315
9.377
9.466
9.135
9.879
9.543
9.389
9.253
9.099
9.557
9.293
8.291
8.281
8.158
7.246
7.903
7.946
7.960
7.217
7.295
6.874
6.589
6.630
6.935
6.578
6.630
7.057
6.863
6.756
7.584
7.401
7.126
7.338
7.506
7.705
7.608
7.596
7.139
6.944
7.430
7.355
7.445
7.633
7.195
7.508
8.068
7.822
7.708
7.942
8.309
7.068
8.330
8.934
8.877
8.195
7.876
9.054
9.100
8.801
9.240
9.759
9.440
9.339
9.916
9.486
9.742
9.770
9.528
9.801
9.401
8.977
8.646
8.716
7.930
8.255
8.090
7.751
7.932
7.021
7.192
6.760
6.983
6.384
6.815
6.814
6.969
6.346
6.740
6.961
7.604
7.603
7.312
7.749
7.950
7.800
7.885
8.036
7.472
7.629
7.638
7.638
7.595
7.998
7.539
7.872
7.882
7.683
7.813
8.069
8.689
8.656
7.684
8.246
8.598
8.729
7.310
9.054
8.246
9.144
8.677
9.041
9.484
9.197
9.435
9.684
9.791
10.387
9.527
9.892
9.408
8.863
9.017
7.952
7.971
7.161
7.878
7.753
6.619
7.041
6.974
6.643
6.812
6.950
7.145
6.502
6.549
6.497
7.204
6.948
7.299
7.357
8.305
7.743
7.450
7.574
7.781
7.798
7.469
6.905
7.157
7.331
7.497
7.805
7.181
7.647
8.359
8.418
8.014
8.323
8.571
7.905
8.507
8.666
8.240
8.643
8.422
7.798
8.894
8.635
9.026
9.374
9.243
8.858
9.145
9.521
9.826
10.266
9.836
9.304
9.374
9.207
8.498
8.770
8.237
8.656
7.806
7.550
7.265
7.316
7.157
7.334
6.873
6.650
6.157
7.151
6.417
6.978
6.780
6.783
7.266
7.941
7.370
7.371
7.936
7.980
7.398
8.007
8.191
7.342
7.590
7.535
7.484
7.150
8.024
8.276
7.519
8.507
8.523
8.222
8.514
8.267
8.965
8.275
8.363
8.229
8.601
8.349
7.996
7.849
8.596
8.699
8.751
9.266
8.789
9.203
9.648
9.456
10.097
9.876
9.517
9.047
8.739
8.799
8.564
8.330
8.038
7.724
7.952
7.257
7.138
6.916
6.592
6.554
6.612
6.587
7.096
6.410
7.244
6.623
7.454
8.115
8.353
7.817
8.627
7.577
8.446
8.347
7.144
7.060
8.035
7.212
7.528
7.455
8.015
8.117
8.911
8.346
9.115
8.914
9.113
8.910
8.635
8.725
9.365
8.426
8.717
8.074
7.697
8.103
8.093
8.450
9.038
9.018
8.873
9.041
8.747
9.606
10.733
9.697
9.874
10.061
8.667
8.914
8.512
9.580
8.096
7.757
8.111
7.646
6.329
7.497
6.740
6.190
6.434
6.508
5.941
6.352
6.937
6.675
7.127
7.329
7.864
7.847
7.528
7.836
7.636
7.409
7.869
7.736
7.646
7.586
7.106
8.038
7.959
7.492
8.609
8.769
8.537
9.111
9.200
9.249
9.147
9.753
8.751
8.768
8.831
7.535
7.598
7.982
7.831
8.162
8.140
8.510
8.344
8.920
8.718
9.417
9.703
9.596
10.429
9.794
9.963
9.418
8.321
8.609
8.246
7.817
7.620
7.556
7.961
7.066
7.225
6.869
7.095
6.497
6.486
6.494
6.978
6.780
7.088
7.995
7.943
7.973
7.939
8.266
7.221
7.588
7.683
7.148
7.738
6.862
6.730
7.418
7.592
7.880
8.469
8.952
9.056
9.882
9.953
9.108
9.498
9.580
9.064
8.976
9.291
